62.0;
88.0;
93.0;
69.0;
66.0;
51.0;
57.0;
63.0;
51.0;
68.0;
66.0;
85.0;
52.0;
51.0;
52.0;
94.0;
81.0;
52.0;
54.0;
89.0;
73.0;
56.0;
64.0;
66.0;
69.0;
60.0;
61.0;
78.0;
50.0;
54.0;
74.0;
94.0;
56.0;
67.0;
90.0;
86.0;
85.0;
72.0;
68.0;
54.0;
94.0;
80.0;
63.0;
65.0;
58.0;
60.0;
69.0;
77.0;
84.0;
89.0;
52.0;
59.0;
81.0;
52.0;
54.0;
74.0;
83.0;
78.0;
92.0;
69.0;
69.0;
65.0;
88.0;
81.0;
84.0;
87.0;
75.0;
61.0;
82.0;
59.0;
84.0;
69.0;
68.0;
65.0;
76.0;
83.0;
53.0;
85.0;
56.0;
92.0;
79.0;
51.0;
50.0;
72.0;
65.0;
87.0;
77.0;
72.0;
75.0;
84.0;
86.0;
80.0;
54.0;
75.0;
59.0;
57.0;
69.0;
52.0;
83.0;
59.0;
66.0;
80.0;
93.0;
78.0;
92.0;
77.0;
74.0;
65.0;
70.0;
79.0;
76.0;
68.0;
87.0;
67.0;
55.0;
68.0;
57.0;
68.0;
68.0;
57.0;
76.0;
81.0;
65.0;
86.0;
58.0;
52.0;
82.0;
64.0;
