192;
181;
197;
186;
174;
171;
168;
171;
187;
150;
184;
192;
202;
206;
174;
198;
178;
184;
193;
169;
179;
199;
168;
154;
193;
163;
183;
205;
183;
153;
189;
184;
196;
209;
180;
179;
159;
201;
166;
193;
161;
198;
190;
209;
174;
188;
199;
178;
207;
187;
199;
152;
198;
167;
207;
157;
156;
200;
183;
204;
159;
184;
181;
174;
187;
201;
188;
188;
173;
152;
163;
198;
179;
154;
199;
183;
201;
207;
165;
159;
152;
205;
185;
206;
198;
181;
179;
176;
188;
168;
177;
208;
158;
180;
188;
200;
175;
165;
169;
207;
168;
203;
207;
158;
180;
193;
157;
195;
187;
205;
200;
160;
165;
200;
198;
177;
193;
175;
152;
198;
209;
162;
177;
173;
166;
162;
200;
202;
